Tropical CH4 mixing ratios
1945-1984: CMIP6 based on scaled South Pole firn air.
1984-2023: MBL data set from NOAA (https://gml.noaa.gov/ccgg/mbl/).

        Year       CH4 (ppb)
     1945.042     1115.183
     1945.125     1115.545
     1945.208     1115.906
     1945.292     1116.268
     1945.375     1116.630
     1945.458     1116.991
     1945.542     1117.353
     1945.625     1117.715
     1945.708     1118.076
     1945.792     1118.438
     1945.875     1118.800
     1945.958     1119.161
     1946.042     1119.592
     1946.125     1120.090
     1946.208     1120.588
     1946.292     1121.087
     1946.375     1121.585
     1946.458     1122.083
     1946.542     1122.581
     1946.625     1123.080
     1946.708     1123.578
     1946.792     1124.076
     1946.875     1124.575
     1946.958     1125.073
     1947.042     1125.572
     1947.125     1126.071
     1947.208     1126.570
     1947.292     1127.069
     1947.375     1127.569
     1947.458     1128.067
     1947.542     1128.567
     1947.625     1129.066
     1947.708     1129.565
     1947.792     1130.064
     1947.875     1130.563
     1947.958     1131.062
     1948.042     1131.509
     1948.125     1131.902
     1948.208     1132.295
     1948.292     1132.689
     1948.375     1133.082
     1948.458     1133.475
     1948.542     1133.869
     1948.625     1134.262
     1948.708     1134.655
     1948.792     1135.049
     1948.875     1135.442
     1948.958     1135.835
     1949.042     1136.177
     1949.125     1136.466
     1949.208     1136.755
     1949.292     1137.044
     1949.375     1137.334
     1949.458     1137.623
     1949.542     1137.912
     1949.625     1138.201
     1949.708     1138.490
     1949.792     1138.780
     1949.875     1139.069
     1949.958     1139.358
     1950.042     1139.710
     1950.125     1140.126
     1950.208     1140.542
     1950.292     1140.958
     1950.375     1141.374
     1950.458     1141.789
     1950.542     1142.205
     1950.625     1142.621
     1950.708     1143.036
     1950.792     1143.453
     1950.875     1143.869
     1950.958     1144.284
     1951.042     1144.721
     1951.125     1145.180
     1951.208     1145.638
     1951.292     1146.096
     1951.375     1146.555
     1951.458     1147.013
     1951.542     1147.472
     1951.625     1147.930
     1951.708     1148.388
     1951.792     1148.847
     1951.875     1149.305
     1951.958     1149.763
     1952.042     1150.370
     1952.125     1151.124
     1952.208     1151.878
     1952.292     1152.632
     1952.375     1153.387
     1952.458     1154.140
     1952.542     1154.895
     1952.625     1155.649
     1952.708     1156.402
     1952.792     1157.157
     1952.875     1157.911
     1952.958     1158.665
     1953.042     1159.504
     1953.125     1160.427
     1953.208     1161.348
     1953.292     1162.271
     1953.375     1163.194
     1953.458     1164.116
     1953.542     1165.039
     1953.625     1165.962
     1953.708     1166.883
     1953.792     1167.806
     1953.875     1168.729
     1953.958     1169.651
     1954.042     1170.621
     1954.125     1171.640
     1954.208     1172.658
     1954.292     1173.677
     1954.375     1174.695
     1954.458     1175.713
     1954.542     1176.732
     1954.625     1177.750
     1954.708     1178.768
     1954.792     1179.787
     1954.875     1180.805
     1954.958     1181.823
     1955.042     1182.934
     1955.125     1184.139
     1955.208     1185.342
     1955.292     1186.547
     1955.375     1187.752
     1955.458     1188.955
     1955.542     1190.159
     1955.625     1191.364
     1955.708     1192.567
     1955.792     1193.772
     1955.875     1194.977
     1955.958     1196.180
     1956.042     1197.395
     1956.125     1198.620
     1956.208     1199.844
     1956.292     1201.070
     1956.375     1202.295
     1956.458     1203.519
     1956.542     1204.745
     1956.625     1205.970
     1956.708     1207.194
     1956.792     1208.419
     1956.875     1209.645
     1956.958     1210.869
     1957.042     1211.966
     1957.125     1212.935
     1957.208     1213.902
     1957.292     1214.871
     1957.375     1215.840
     1957.458     1216.807
     1957.542     1217.776
     1957.625     1218.745
     1957.708     1219.712
     1957.792     1220.681
     1957.875     1221.650
     1957.958     1222.617
     1958.042     1223.515
     1958.125     1224.340
     1958.208     1225.164
     1958.292     1225.990
     1958.375     1226.815
     1958.458     1227.639
     1958.542     1228.464
     1958.625     1229.290
     1958.708     1230.114
     1958.792     1230.939
     1958.875     1231.765
     1958.958     1232.589
     1959.042     1233.285
     1959.125     1233.852
     1959.208     1234.418
     1959.292     1234.985
     1959.375     1235.552
     1959.458     1236.118
     1959.542     1236.685
     1959.625     1237.252
     1959.708     1237.818
     1959.792     1238.385
     1959.875     1238.952
     1959.958     1239.518
     1960.042     1240.024
     1960.125     1240.470
     1960.208     1240.914
     1960.292     1241.360
     1960.375     1241.805
     1960.458     1242.250
     1960.542     1242.695
     1960.625     1243.141
     1960.708     1243.585
     1960.792     1244.031
     1960.875     1244.476
     1960.958     1244.921
     1961.042     1245.689
     1961.125     1246.782
     1961.208     1247.874
     1961.292     1248.967
     1961.375     1250.060
     1961.458     1251.151
     1961.542     1252.244
     1961.625     1253.337
     1961.708     1254.429
     1961.792     1255.522
     1961.875     1256.615
     1961.958     1257.706
     1962.042     1259.012
     1962.125     1260.531
     1962.208     1262.048
     1962.292     1263.567
     1962.375     1265.086
     1962.458     1266.602
     1962.542     1268.121
     1962.625     1269.640
     1962.708     1271.157
     1962.792     1272.676
     1962.875     1274.195
     1962.958     1275.712
     1963.042     1277.163
     1963.125     1278.545
     1963.208     1279.925
     1963.292     1281.308
     1963.375     1282.690
     1963.458     1284.070
     1963.542     1285.453
     1963.625     1286.835
     1963.708     1288.215
     1963.792     1289.598
     1963.875     1290.980
     1963.958     1292.360
     1964.042     1293.622
     1964.125     1294.764
     1964.208     1295.904
     1964.292     1297.045
     1964.375     1298.186
     1964.458     1299.326
     1964.542     1300.467
     1964.625     1301.609
     1964.708     1302.748
     1964.792     1303.890
     1964.875     1305.031
     1964.958     1306.171
     1965.042     1307.208
     1965.125     1308.140
     1965.208     1309.071
     1965.292     1310.003
     1965.375     1310.935
     1965.458     1311.866
     1965.542     1312.798
     1965.625     1313.730
     1965.708     1314.661
     1965.792     1315.593
     1965.875     1316.525
     1965.958     1317.456
     1966.042     1318.423
     1966.125     1319.427
     1966.208     1320.428
     1966.292     1321.431
     1966.375     1322.434
     1966.458     1323.436
     1966.542     1324.439
     1966.625     1325.442
     1966.708     1326.444
     1966.792     1327.447
     1966.875     1328.450
     1966.958     1329.451
     1967.042     1330.677
     1967.125     1332.126
     1967.208     1333.573
     1967.292     1335.022
     1967.375     1336.471
     1967.458     1337.918
     1967.542     1339.367
     1967.625     1340.816
     1967.708     1342.262
     1967.792     1343.711
     1967.875     1345.160
     1967.958     1346.607
     1968.042     1348.069
     1968.125     1349.544
     1968.208     1351.017
     1968.292     1352.492
     1968.375     1353.967
     1968.458     1355.440
     1968.542     1356.915
     1968.625     1358.390
     1968.708     1359.863
     1968.792     1361.338
     1968.875     1362.812
     1968.958     1364.285
     1969.042     1365.930
     1969.125     1367.744
     1969.208     1369.555
     1969.292     1371.369
     1969.375     1373.183
     1969.458     1374.995
     1969.542     1376.809
     1969.625     1378.623
     1969.708     1380.435
     1969.792     1382.249
     1969.875     1384.063
     1969.958     1385.874
     1970.042     1387.616
     1970.125     1389.285
     1970.208     1390.952
     1970.292     1392.621
     1970.375     1394.290
     1970.458     1395.957
     1970.542     1397.626
     1970.625     1399.295
     1970.708     1400.962
     1970.792     1402.631
     1970.875     1404.301
     1970.958     1405.967
     1971.042     1407.559
     1971.125     1409.074
     1971.208     1410.587
     1971.292     1412.102
     1971.375     1413.616
     1971.458     1415.129
     1971.542     1416.644
     1971.625     1418.159
     1971.708     1419.671
     1971.792     1421.186
     1971.875     1422.701
     1971.958     1424.214
     1972.042     1425.537
     1972.125     1426.668
     1972.208     1427.798
     1972.292     1428.930
     1972.375     1430.061
     1972.458     1431.191
     1972.542     1432.322
     1972.625     1433.454
     1972.708     1434.584
     1972.792     1435.715
     1972.875     1436.847
     1972.958     1437.976
     1973.042     1439.096
     1973.125     1440.203
     1973.208     1441.308
     1973.292     1442.416
     1973.375     1443.523
     1973.458     1444.629
     1973.542     1445.736
     1973.625     1446.843
     1973.708     1447.948
     1973.792     1449.056
     1973.875     1450.163
     1973.958     1451.269
     1974.042     1452.472
     1974.125     1453.773
     1974.208     1455.072
     1974.292     1456.372
     1974.375     1457.673
     1974.458     1458.972
     1974.542     1460.272
     1974.625     1461.573
     1974.708     1462.872
     1974.792     1464.172
     1974.875     1465.473
     1974.958     1466.772
     1975.042     1468.146
     1975.125     1469.594
     1975.208     1471.040
     1975.292     1472.489
     1975.375     1473.937
     1975.458     1475.383
     1975.542     1476.831
     1975.625     1478.279
     1975.708     1479.725
     1975.792     1481.174
     1975.875     1482.622
     1975.958     1484.068
     1976.042     1485.566
     1976.125     1487.114
     1976.208     1488.660
     1976.292     1490.209
     1976.375     1491.757
     1976.458     1493.303
     1976.542     1494.851
     1976.625     1496.399
     1976.708     1497.945
     1976.792     1499.494
     1976.875     1501.042
     1976.958     1502.588
     1977.042     1504.163
     1977.125     1505.764
     1977.208     1507.364
     1977.292     1508.965
     1977.375     1510.567
     1977.458     1512.166
     1977.542     1513.768
     1977.625     1515.369
     1977.708     1516.969
     1977.792     1518.570
     1977.875     1520.172
     1977.958     1521.771
     1978.042     1523.375
     1978.125     1524.982
     1978.208     1526.586
     1978.292     1528.193
     1978.375     1529.799
     1978.458     1531.404
     1978.542     1533.010
     1978.625     1534.617
     1978.708     1536.221
     1978.792     1537.828
     1978.875     1539.434
     1978.958     1541.039
     1979.042     1542.625
     1979.125     1544.191
     1979.208     1545.754
     1979.292     1547.320
     1979.375     1548.885
     1979.458     1550.449
     1979.542     1552.015
     1979.625     1553.580
     1979.708     1555.144
     1979.792     1556.710
     1979.875     1558.275
     1979.958     1559.839
     1980.042     1561.360
     1980.125     1562.837
     1980.208     1564.311
     1980.292     1565.788
     1980.375     1567.264
     1980.458     1568.739
     1980.542     1570.215
     1980.625     1571.692
     1980.708     1573.166
     1980.792     1574.642
     1980.875     1576.119
     1980.958     1577.593
     1981.042     1579.002
     1981.125     1580.343
     1981.208     1581.681
     1981.292     1583.022
     1981.375     1584.363
     1981.458     1585.701
     1981.542     1587.042
     1981.625     1588.383
     1981.708     1589.721
     1981.792     1591.062
     1981.875     1592.403
     1981.958     1593.741
     1982.042     1594.991
     1982.125     1596.149
     1982.208     1597.305
     1982.292     1598.463
     1982.375     1599.621
     1982.458     1600.778
     1982.542     1601.936
     1982.625     1603.094
     1982.708     1604.250
     1982.792     1605.408
     1982.875     1606.566
     1982.958     1607.722
     1983.042     1608.764
     1983.125     1609.689
     1983.208     1610.612
     1983.292     1611.537
     1983.375     1612.462
     1983.458     1613.385
     1983.542     1614.310
     1983.625     1615.235
     1983.708     1616.159
     1983.792     1617.083
     1983.875     1618.008
     1983.958     1618.932
     1984.042     1616.660
     1984.125     1612.078
     1984.208     1625.800
     1984.292     1630.636
     1984.375     1628.253
     1984.458     1623.963
     1984.542     1627.844
     1984.625     1627.266
     1984.708     1627.966
     1984.792     1633.334
     1984.875     1631.494
     1984.958     1626.867
     1985.042     1627.465
     1985.125     1627.525
     1985.208     1631.754
     1985.292     1634.630
     1985.375     1634.884
     1985.458     1643.857
     1985.542     1646.029
     1985.625     1643.575
     1985.708     1645.565
     1985.792     1645.433
     1985.875     1641.912
     1985.958     1638.714
     1986.042     1636.297
     1986.125     1639.344
     1986.208     1645.553
     1986.292     1650.537
     1986.375     1651.822
     1986.458     1652.279
     1986.542     1655.829
     1986.625     1659.417
     1986.708     1661.439
     1986.792     1660.330
     1986.875     1654.390
     1986.958     1651.969
     1987.042     1651.982
     1987.125     1651.285
     1987.208     1654.459
     1987.292     1659.377
     1987.375     1663.189
     1987.458     1665.693
     1987.542     1670.606
     1987.625     1670.734
     1987.708     1670.810
     1987.792     1669.711
     1987.875     1669.686
     1987.958     1668.398
     1988.042     1664.183
     1988.125     1663.539
     1988.208     1668.348
     1988.292     1673.649
     1988.375     1674.758
     1988.458     1673.640
     1988.542     1679.080
     1988.625     1684.235
     1988.708     1681.958
     1988.792     1677.473
     1988.875     1674.309
     1988.958     1671.997
     1989.042     1672.571
     1989.125     1675.332
     1989.208     1679.867
     1989.292     1684.370
     1989.375     1688.584
     1989.458     1688.381
     1989.542     1688.229
     1989.625     1691.448
     1989.708     1692.518
     1989.792     1692.367
     1989.875     1692.169
     1989.958     1687.592
     1990.042     1685.695
     1990.125     1687.165
     1990.208     1689.054
     1990.292     1693.514
     1990.375     1697.683
     1990.458     1697.082
     1990.542     1698.451
     1990.625     1703.331
     1990.708     1705.552
     1990.792     1702.337
     1990.875     1698.706
     1990.958     1696.408
     1991.042     1694.021
     1991.125     1696.104
     1991.208     1700.673
     1991.292     1703.948
     1991.375     1707.614
     1991.458     1710.719
     1991.542     1710.585
     1991.625     1710.829
     1991.708     1711.145
     1991.792     1710.216
     1991.875     1711.083
     1991.958     1706.841
     1992.042     1702.427
     1992.125     1704.964
     1992.208     1710.942
     1992.292     1716.679
     1992.375     1723.866
     1992.458     1728.491
     1992.542     1728.793
     1992.625     1728.891
     1992.708     1728.647
     1992.792     1725.770
     1992.875     1723.375
     1992.958     1720.542
     1993.042     1716.927
     1993.125     1714.970
     1993.208     1716.776
     1993.292     1720.717
     1993.375     1724.047
     1993.458     1723.019
     1993.542     1723.479
     1993.625     1726.409
     1993.708     1726.897
     1993.792     1726.488
     1993.875     1723.276
     1993.958     1719.869
     1994.042     1717.813
     1994.125     1718.201
     1994.208     1721.956
     1994.292     1725.061
     1994.375     1732.130
     1994.458     1732.592
     1994.542     1730.873
     1994.625     1731.617
     1994.708     1731.013
     1994.792     1730.405
     1994.875     1730.410
     1994.958     1726.907
     1995.042     1722.863
     1995.125     1721.263
     1995.208     1727.513
     1995.292     1734.611
     1995.375     1737.623
     1995.458     1741.313
     1995.542     1743.353
     1995.625     1740.830
     1995.708     1738.963
     1995.792     1738.841
     1995.875     1737.869
     1995.958     1733.844
     1996.042     1729.500
     1996.125     1731.411
     1996.208     1736.982
     1996.292     1739.036
     1996.375     1738.821
     1996.458     1740.693
     1996.542     1740.032
     1996.625     1744.133
     1996.708     1745.775
     1996.792     1739.336
     1996.875     1736.292
     1996.958     1736.087
     1997.042     1732.731
     1997.125     1731.217
     1997.208     1736.410
     1997.292     1742.394
     1997.375     1748.686
     1997.458     1747.291
     1997.542     1743.344
     1997.625     1746.185
     1997.708     1747.644
     1997.792     1743.780
     1997.875     1742.675
     1997.958     1739.988
     1998.042     1735.641
     1998.125     1734.955
     1998.208     1739.758
     1998.292     1745.537
     1998.375     1750.544
     1998.458     1751.375
     1998.542     1749.910
     1998.625     1751.050
     1998.708     1754.676
     1998.792     1760.619
     1998.875     1757.160
     1998.958     1753.271
     1999.042     1745.498
     1999.125     1744.375
     1999.208     1752.055
     1999.292     1758.075
     1999.375     1760.456
     1999.458     1761.503
     1999.542     1763.896
     1999.625     1765.086
     1999.708     1766.312
     1999.792     1765.518
     1999.875     1761.363
     1999.958     1756.695
     2000.042     1752.568
     2000.125     1752.794
     2000.208     1757.001
     2000.292     1762.156
     2000.375     1764.854
     2000.458     1765.305
     2000.542     1764.274
     2000.625     1766.989
     2000.708     1769.590
     2000.792     1769.477
     2000.875     1764.880
     2000.958     1757.037
     2001.042     1753.026
     2001.125     1754.698
     2001.208     1757.584
     2001.292     1762.434
     2001.375     1762.562
     2001.458     1759.652
     2001.542     1759.854
     2001.625     1763.017
     2001.708     1764.108
     2001.792     1762.929
     2001.875     1758.457
     2001.958     1753.441
     2002.042     1751.247
     2002.125     1751.175
     2002.208     1755.741
     2002.292     1760.926
     2002.375     1760.585
     2002.458     1761.304
     2002.542     1761.472
     2002.625     1761.270
     2002.708     1765.410
     2002.792     1763.420
     2002.875     1759.563
     2002.958     1756.031
     2003.042     1754.122
     2003.125     1755.471
     2003.208     1759.605
     2003.292     1762.565
     2003.375     1765.153
     2003.458     1767.177
     2003.542     1766.082
     2003.625     1764.320
     2003.708     1764.146
     2003.792     1764.638
     2003.875     1762.519
     2003.958     1758.317
     2004.042     1757.232
     2004.125     1758.350
     2004.208     1761.871
     2004.292     1767.306
     2004.375     1770.120
     2004.458     1770.037
     2004.542     1769.225
     2004.625     1769.829
     2004.708     1773.288
     2004.792     1773.074
     2004.875     1766.963
     2004.958     1761.816
     2005.042     1757.772
     2005.125     1756.765
     2005.208     1760.280
     2005.292     1764.901
     2005.375     1766.992
     2005.458     1765.446
     2005.542     1766.372
     2005.625     1769.295
     2005.708     1767.329
     2005.792     1763.400
     2005.875     1759.488
     2005.958     1757.456
     2006.042     1755.663
     2006.125     1754.967
     2006.208     1757.822
     2006.292     1763.578
     2006.375     1767.475
     2006.458     1767.138
     2006.542     1770.816
     2006.625     1772.614
     2006.708     1768.625
     2006.792     1766.743
     2006.875     1764.386
     2006.958     1758.072
     2007.042     1754.274
     2007.125     1755.407
     2007.208     1759.933
     2007.292     1763.510
     2007.375     1765.326
     2007.458     1767.370
     2007.542     1767.499
     2007.625     1767.918
     2007.708     1771.694
     2007.792     1772.790
     2007.875     1768.481
     2007.958     1765.825
     2008.042     1761.705
     2008.125     1762.508
     2008.208     1769.701
     2008.292     1774.183
     2008.375     1774.979
     2008.458     1774.378
     2008.542     1776.366
     2008.625     1774.710
     2008.708     1774.274
     2008.792     1776.174
     2008.875     1773.675
     2008.958     1770.682
     2009.042     1768.059
     2009.125     1769.796
     2009.208     1773.186
     2009.292     1778.272
     2009.375     1784.391
     2009.458     1784.243
     2009.542     1783.582
     2009.625     1788.800
     2009.708     1790.616
     2009.792     1786.917
     2009.875     1781.737
     2009.958     1777.345
     2010.042     1776.271
     2010.125     1776.195
     2010.208     1780.367
     2010.292     1782.131
     2010.375     1782.339
     2010.458     1782.466
     2010.542     1785.213
     2010.625     1791.773
     2010.708     1788.057
     2010.792     1790.895
     2010.875     1787.652
     2010.958     1781.566
     2011.042     1777.910
     2011.125     1780.227
     2011.208     1786.988
     2011.292     1791.923
     2011.375     1794.963
     2011.458     1790.596
     2011.542     1788.019
     2011.625     1789.908
     2011.708     1788.944
     2011.792     1791.304
     2011.875     1791.596
     2011.958     1789.168
     2012.042     1785.496
     2012.125     1785.654
     2012.208     1789.514
     2012.292     1796.263
     2012.375     1799.725
     2012.458     1796.979
     2012.542     1796.543
     2012.625     1800.792
     2012.708     1802.748
     2012.792     1797.659
     2012.875     1793.989
     2012.958     1791.362
     2013.042     1789.270
     2013.125     1789.898
     2013.208     1794.951
     2013.292     1799.782
     2013.375     1803.462
     2013.458     1802.271
     2013.542     1804.543
     2013.625     1804.765
     2013.708     1802.045
     2013.792     1802.925
     2013.875     1801.682
     2013.958     1797.401
     2014.042     1795.073
     2014.125     1796.682
     2014.208     1800.314
     2014.292     1804.377
     2014.375     1807.190
     2014.458     1807.823
     2014.542     1806.815
     2014.625     1804.650
     2014.708     1805.543
     2014.792     1809.805
     2014.875     1810.492
     2014.958     1807.058
     2015.042     1804.988
     2015.125     1806.200
     2015.208     1809.727
     2015.292     1814.480
     2015.375     1818.773
     2015.458     1819.739
     2015.542     1822.743
     2015.625     1824.525
     2015.708     1823.368
     2015.792     1821.692
     2015.875     1821.008
     2015.958     1816.281
     2016.042     1813.366
     2016.125     1816.498
     2016.208     1820.119
     2016.292     1824.806
     2016.375     1830.130
     2016.458     1833.453
     2016.542     1832.988
     2016.625     1834.285
     2016.708     1836.889
     2016.792     1836.395
     2016.875     1832.745
     2016.958     1828.693
     2017.042     1825.171
     2017.125     1824.786
     2017.208     1829.792
     2017.292     1834.773
     2017.375     1836.030
     2017.458     1838.708
     2017.542     1842.545
     2017.625     1841.419
     2017.708     1839.983
     2017.792     1840.826
     2017.875     1838.383
     2017.958     1832.204
     2018.042     1831.707
     2018.125     1833.410
     2018.208     1837.724
     2018.292     1843.190
     2018.375     1846.049
     2018.458     1844.605
     2018.542     1843.803
     2018.625     1846.843
     2018.708     1848.029
     2018.792     1845.495
     2018.875     1843.587
     2018.958     1842.222
     2019.042     1841.778
     2019.125     1841.937
     2019.208     1845.904
     2019.292     1850.208
     2019.375     1852.397
     2019.458     1853.917
     2019.542     1852.687
     2019.625     1854.761
     2019.708     1858.608
     2019.792     1855.763
     2019.875     1850.970
     2019.958     1849.486
     2020.042     1850.246
     2020.125     1849.226
     2020.208     1853.124
     2020.292     1859.356
     2020.375     1860.057
     2020.458     1861.264
     2020.542     1860.958
     2020.625     1861.683
     2020.708     1865.943
     2020.792     1866.355
     2020.875     1866.079
     2020.958     1864.945
     2021.042     1862.586
     2021.125     1864.868
     2021.208     1868.354
     2021.292     1873.305
     2021.375     1878.358
     2021.458     1881.246
     2021.542     1881.792
     2021.625     1879.954
     2021.708     1880.207
     2021.792     1882.567
     2021.875     1883.499
     2021.958     1881.000
     2022.042     1877.124
     2022.125     1880.065
     2022.208     1890.240
     2022.292     1895.202
     2022.375     1897.203
     2022.458     1897.374
     2022.542     1891.540
     2022.625     1889.693
     2022.708     1889.948
     2022.792     1892.320
     2022.875     1893.256
     2022.958     1890.744
     2023.042     1886.848
     2023.125     1889.805
     2023.208     1900.032
     2023.292     1905.021
     2023.375     1907.031
     2023.458     1907.203
