Tropical SF6 mixing ratios
1945-1975: Engel et al. (2009) values.
1972-1978: Gradually change the ratio to the full WACCM value.
1978-1980: Scaled annual Cape Grim data based on ratio of MLO-SMO avg/Cape Grim after 1996.
1980-1995.6: Scaled monthly Cape Grim data from Engel et al. (2009).
1995.7-2023: MBL data set from NOAA (https://gml.noaa.gov/ccgg/mbl/).

        Year       SF6 (ppt)
     1945.042        0.000
     1945.125        0.000
     1945.208        0.000
     1945.292        0.000
     1945.375        0.000
     1945.458        0.000
     1945.542        0.000
     1945.625        0.000
     1945.708        0.000
     1945.792        0.000
     1945.875        0.000
     1945.958        0.000
     1946.042        0.000
     1946.125        0.000
     1946.208        0.000
     1946.292        0.000
     1946.375        0.000
     1946.458        0.000
     1946.542        0.000
     1946.625        0.000
     1946.708        0.000
     1946.792        0.000
     1946.875        0.000
     1946.958        0.000
     1947.042        0.000
     1947.125        0.000
     1947.208        0.000
     1947.292        0.000
     1947.375        0.000
     1947.458        0.000
     1947.542        0.000
     1947.625        0.000
     1947.708        0.000
     1947.792        0.000
     1947.875        0.000
     1947.958        0.000
     1948.042        0.000
     1948.125        0.000
     1948.208        0.000
     1948.292        0.000
     1948.375        0.000
     1948.458        0.000
     1948.542        0.000
     1948.625        0.000
     1948.708        0.000
     1948.792        0.000
     1948.875        0.000
     1948.958        0.000
     1949.042        0.000
     1949.125        0.000
     1949.208        0.000
     1949.292        0.000
     1949.375        0.000
     1949.458        0.000
     1949.542        0.000
     1949.625        0.000
     1949.708        0.000
     1949.792        0.000
     1949.875        0.000
     1949.958        0.000
     1950.042        0.000
     1950.125        0.000
     1950.208        0.000
     1950.292        0.000
     1950.375        0.000
     1950.458        0.000
     1950.542        0.000
     1950.625        0.000
     1950.708        0.000
     1950.792        0.000
     1950.875        0.000
     1950.958        0.000
     1951.042        0.000
     1951.125        0.000
     1951.208        0.000
     1951.292        0.000
     1951.375        0.000
     1951.458        0.000
     1951.542        0.000
     1951.625        0.000
     1951.708        0.000
     1951.792        0.000
     1951.875        0.000
     1951.958        0.000
     1952.042        0.000
     1952.125        0.000
     1952.208        0.000
     1952.292        0.000
     1952.375        0.000
     1952.458        0.000
     1952.542        0.000
     1952.625        0.000
     1952.708        0.000
     1952.792        0.000
     1952.875        0.000
     1952.958        0.000
     1953.042        0.000
     1953.125        0.000
     1953.208        0.000
     1953.292        0.000
     1953.375        0.000
     1953.458        0.000
     1953.542        0.000
     1953.625        0.000
     1953.708        0.000
     1953.792        0.000
     1953.875        0.000
     1953.958        0.000
     1954.042        0.000
     1954.125        0.000
     1954.208        0.000
     1954.292        0.000
     1954.375        0.000
     1954.458        0.000
     1954.542        0.000
     1954.625        0.001
     1954.708        0.001
     1954.792        0.001
     1954.875        0.001
     1954.958        0.001
     1955.042        0.001
     1955.125        0.001
     1955.208        0.001
     1955.292        0.001
     1955.375        0.001
     1955.458        0.002
     1955.542        0.002
     1955.625        0.002
     1955.708        0.002
     1955.792        0.002
     1955.875        0.002
     1955.958        0.002
     1956.042        0.002
     1956.125        0.003
     1956.208        0.003
     1956.292        0.003
     1956.375        0.003
     1956.458        0.003
     1956.542        0.003
     1956.625        0.003
     1956.708        0.004
     1956.792        0.004
     1956.875        0.004
     1956.958        0.004
     1957.042        0.004
     1957.125        0.004
     1957.208        0.004
     1957.292        0.005
     1957.375        0.005
     1957.458        0.005
     1957.542        0.005
     1957.625        0.005
     1957.708        0.005
     1957.792        0.006
     1957.875        0.006
     1957.958        0.006
     1958.042        0.006
     1958.125        0.006
     1958.208        0.006
     1958.292        0.007
     1958.375        0.007
     1958.458        0.007
     1958.542        0.007
     1958.625        0.007
     1958.708        0.008
     1958.792        0.008
     1958.875        0.008
     1958.958        0.009
     1959.042        0.009
     1959.125        0.009
     1959.208        0.010
     1959.292        0.010
     1959.375        0.010
     1959.458        0.011
     1959.542        0.011
     1959.625        0.012
     1959.708        0.012
     1959.792        0.013
     1959.875        0.013
     1959.958        0.014
     1960.042        0.014
     1960.125        0.015
     1960.208        0.015
     1960.292        0.016
     1960.375        0.016
     1960.458        0.017
     1960.542        0.017
     1960.625        0.018
     1960.708        0.018
     1960.792        0.019
     1960.875        0.019
     1960.958        0.020
     1961.042        0.020
     1961.125        0.021
     1961.208        0.021
     1961.292        0.022
     1961.375        0.022
     1961.458        0.023
     1961.542        0.023
     1961.625        0.024
     1961.708        0.025
     1961.792        0.025
     1961.875        0.026
     1961.958        0.027
     1962.042        0.027
     1962.125        0.028
     1962.208        0.028
     1962.292        0.029
     1962.375        0.030
     1962.458        0.030
     1962.542        0.031
     1962.625        0.032
     1962.708        0.033
     1962.792        0.034
     1962.875        0.035
     1962.958        0.036
     1963.042        0.037
     1963.125        0.038
     1963.208        0.040
     1963.292        0.041
     1963.375        0.042
     1963.458        0.043
     1963.542        0.044
     1963.625        0.045
     1963.708        0.047
     1963.792        0.048
     1963.875        0.050
     1963.958        0.051
     1964.042        0.052
     1964.125        0.054
     1964.208        0.055
     1964.292        0.057
     1964.375        0.058
     1964.458        0.060
     1964.542        0.061
     1964.625        0.063
     1964.708        0.065
     1964.792        0.066
     1964.875        0.068
     1964.958        0.070
     1965.042        0.072
     1965.125        0.074
     1965.208        0.075
     1965.292        0.077
     1965.375        0.079
     1965.458        0.081
     1965.542        0.083
     1965.625        0.085
     1965.708        0.087
     1965.792        0.089
     1965.875        0.091
     1965.958        0.093
     1966.042        0.096
     1966.125        0.098
     1966.208        0.100
     1966.292        0.102
     1966.375        0.104
     1966.458        0.107
     1966.542        0.109
     1966.625        0.111
     1966.708        0.113
     1966.792        0.115
     1966.875        0.117
     1966.958        0.120
     1967.042        0.122
     1967.125        0.124
     1967.208        0.126
     1967.292        0.128
     1967.375        0.131
     1967.458        0.133
     1967.542        0.135
     1967.625        0.137
     1967.708        0.139
     1967.792        0.141
     1967.875        0.144
     1967.958        0.146
     1968.042        0.148
     1968.125        0.150
     1968.208        0.152
     1968.292        0.154
     1968.375        0.157
     1968.458        0.159
     1968.542        0.161
     1968.625        0.163
     1968.708        0.165
     1968.792        0.167
     1968.875        0.169
     1968.958        0.171
     1969.042        0.173
     1969.125        0.175
     1969.208        0.177
     1969.292        0.179
     1969.375        0.181
     1969.458        0.183
     1969.542        0.186
     1969.625        0.188
     1969.708        0.190
     1969.792        0.193
     1969.875        0.195
     1969.958        0.197
     1970.042        0.200
     1970.125        0.202
     1970.208        0.204
     1970.292        0.207
     1970.375        0.209
     1970.458        0.211
     1970.542        0.214
     1970.625        0.216
     1970.708        0.219
     1970.792        0.221
     1970.875        0.224
     1970.958        0.226
     1971.042        0.229
     1971.125        0.231
     1971.208        0.234
     1971.292        0.236
     1971.375        0.239
     1971.458        0.241
     1971.542        0.244
     1971.625        0.247
     1971.708        0.250
     1971.792        0.253
     1971.875        0.255
     1971.958        0.258
     1972.042        0.261
     1972.125        0.264
     1972.208        0.267
     1972.292        0.270
     1972.375        0.273
     1972.458        0.276
     1972.542        0.279
     1972.625        0.283
     1972.708        0.286
     1972.792        0.290
     1972.875        0.293
     1972.958        0.297
     1973.042        0.300
     1973.125        0.304
     1973.208        0.307
     1973.292        0.311
     1973.375        0.314
     1973.458        0.318
     1973.542        0.321
     1973.625        0.325
     1973.708        0.329
     1973.792        0.333
     1973.875        0.336
     1973.958        0.340
     1974.042        0.344
     1974.125        0.348
     1974.208        0.352
     1974.292        0.355
     1974.375        0.359
     1974.458        0.363
     1974.542        0.367
     1974.625        0.370
     1974.708        0.374
     1974.792        0.378
     1974.875        0.382
     1974.958        0.386
     1975.042        0.397
     1975.125        0.401
     1975.208        0.406
     1975.292        0.410
     1975.375        0.415
     1975.458        0.419
     1975.542        0.424
     1975.625        0.428
     1975.708        0.433
     1975.792        0.437
     1975.875        0.442
     1975.958        0.447
     1976.042        0.452
     1976.125        0.457
     1976.208        0.462
     1976.292        0.467
     1976.375        0.472
     1976.458        0.477
     1976.542        0.483
     1976.625        0.488
     1976.708        0.493
     1976.792        0.499
     1976.875        0.505
     1976.958        0.510
     1977.042        0.516
     1977.125        0.522
     1977.208        0.527
     1977.292        0.533
     1977.375        0.539
     1977.458        0.544
     1977.542        0.550
     1977.625        0.556
     1977.708        0.562
     1977.792        0.567
     1977.875        0.573
     1977.958        0.579
     1978.042        0.585
     1978.125        0.591
     1978.208        0.597
     1978.292        0.604
     1978.375        0.610
     1978.458        0.616
     1978.542        0.623
     1978.625        0.631
     1978.708        0.639
     1978.792        0.647
     1978.875        0.655
     1978.958        0.663
     1979.042        0.671
     1979.125        0.679
     1979.208        0.686
     1979.292        0.694
     1979.375        0.702
     1979.458        0.710
     1979.542        0.719
     1979.625        0.728
     1979.708        0.737
     1979.792        0.744
     1979.875        0.751
     1979.958        0.758
     1980.042        0.766
     1980.125        0.777
     1980.208        0.789
     1980.292        0.800
     1980.375        0.812
     1980.458        0.823
     1980.542        0.834
     1980.625        0.846
     1980.708        0.857
     1980.792        0.865
     1980.875        0.870
     1980.958        0.874
     1981.042        0.878
     1981.125        0.883
     1981.208        0.893
     1981.292        0.903
     1981.375        0.913
     1981.458        0.924
     1981.542        0.934
     1981.625        0.944
     1981.708        0.955
     1981.792        0.965
     1981.875        0.975
     1981.958        0.985
     1982.042        0.996
     1982.125        1.006
     1982.208        1.016
     1982.292        1.026
     1982.375        1.037
     1982.458        1.047
     1982.542        1.057
     1982.625        1.068
     1982.708        1.078
     1982.792        1.088
     1982.875        1.098
     1982.958        1.108
     1983.042        1.117
     1983.125        1.125
     1983.208        1.133
     1983.292        1.141
     1983.375        1.149
     1983.458        1.158
     1983.542        1.168
     1983.625        1.178
     1983.708        1.195
     1983.792        1.210
     1983.875        1.221
     1983.958        1.232
     1984.042        1.243
     1984.125        1.256
     1984.208        1.268
     1984.292        1.280
     1984.375        1.292
     1984.458        1.304
     1984.542        1.315
     1984.625        1.327
     1984.708        1.339
     1984.792        1.350
     1984.875        1.362
     1984.958        1.374
     1985.042        1.383
     1985.125        1.393
     1985.208        1.402
     1985.292        1.411
     1985.375        1.421
     1985.458        1.430
     1985.542        1.449
     1985.625        1.469
     1985.708        1.489
     1985.792        1.509
     1985.875        1.524
     1985.958        1.535
     1986.042        1.545
     1986.125        1.556
     1986.208        1.567
     1986.292        1.579
     1986.375        1.592
     1986.458        1.602
     1986.542        1.610
     1986.625        1.630
     1986.708        1.667
     1986.792        1.698
     1986.875        1.712
     1986.958        1.725
     1987.042        1.739
     1987.125        1.752
     1987.208        1.762
     1987.292        1.771
     1987.375        1.781
     1987.458        1.790
     1987.542        1.800
     1987.625        1.809
     1987.708        1.818
     1987.792        1.828
     1987.875        1.841
     1987.958        1.860
     1988.042        1.879
     1988.125        1.898
     1988.208        1.917
     1988.292        1.935
     1988.375        1.954
     1988.458        1.973
     1988.542        1.992
     1988.625        2.011
     1988.708        2.030
     1988.792        2.040
     1988.875        2.048
     1988.958        2.056
     1989.042        2.065
     1989.125        2.073
     1989.208        2.082
     1989.292        2.094
     1989.375        2.107
     1989.458        2.120
     1989.542        2.135
     1989.625        2.151
     1989.708        2.169
     1989.792        2.190
     1989.875        2.211
     1989.958        2.232
     1990.042        2.253
     1990.125        2.273
     1990.208        2.294
     1990.292        2.306
     1990.375        2.313
     1990.458        2.320
     1990.542        2.327
     1990.625        2.339
     1990.708        2.354
     1990.792        2.368
     1990.875        2.383
     1990.958        2.402
     1991.042        2.422
     1991.125        2.439
     1991.208        2.456
     1991.292        2.473
     1991.375        2.490
     1991.458        2.506
     1991.542        2.523
     1991.625        2.538
     1991.708        2.552
     1991.792        2.565
     1991.875        2.580
     1991.958        2.606
     1992.042        2.632
     1992.125        2.653
     1992.208        2.663
     1992.292        2.673
     1992.375        2.684
     1992.458        2.694
     1992.542        2.708
     1992.625        2.738
     1992.708        2.768
     1992.792        2.798
     1992.875        2.828
     1992.958        2.858
     1993.042        2.866
     1993.125        2.867
     1993.208        2.869
     1993.292        2.887
     1993.375        2.905
     1993.458        2.923
     1993.542        2.941
     1993.625        2.959
     1993.708        2.979
     1993.792        3.005
     1993.875        3.032
     1993.958        3.059
     1994.042        3.085
     1994.125        3.112
     1994.208        3.116
     1994.292        3.120
     1994.375        3.142
     1994.458        3.167
     1994.542        3.192
     1994.625        3.216
     1994.708        3.234
     1994.792        3.248
     1994.875        3.263
     1994.958        3.279
     1995.042        3.302
     1995.125        3.326
     1995.208        3.349
     1995.292        3.376
     1995.375        3.411
     1995.458        3.431
     1995.542        3.448
     1995.625        3.464
     1995.708        3.407
     1995.792        3.444
     1995.875        3.419
     1995.958        3.454
     1996.042        3.472
     1996.125        3.455
     1996.208        3.478
     1996.292        3.557
     1996.375        3.602
     1996.458        3.637
     1996.542        3.634
     1996.625        3.645
     1996.708        3.628
     1996.792        3.678
     1996.875        3.687
     1996.958        3.698
     1997.042        3.691
     1997.125        3.715
     1997.208        3.716
     1997.292        3.757
     1997.375        3.824
     1997.458        3.860
     1997.542        3.845
     1997.625        3.829
     1997.708        3.883
     1997.792        3.912
     1997.875        3.943
     1997.958        3.950
     1998.042        3.978
     1998.125        3.996
     1998.208        4.029
     1998.292        4.034
     1998.375        4.052
     1998.458        4.053
     1998.542        4.064
     1998.625        4.078
     1998.708        4.123
     1998.792        4.170
     1998.875        4.184
     1998.958        4.165
     1999.042        4.189
     1999.125        4.238
     1999.208        4.254
     1999.292        4.269
     1999.375        4.296
     1999.458        4.309
     1999.542        4.324
     1999.625        4.343
     1999.708        4.343
     1999.792        4.338
     1999.875        4.347
     1999.958        4.361
     2000.042        4.385
     2000.125        4.402
     2000.208        4.421
     2000.292        4.447
     2000.375        4.479
     2000.458        4.492
     2000.542        4.505
     2000.625        4.514
     2000.708        4.517
     2000.792        4.526
     2000.875        4.547
     2000.958        4.577
     2001.042        4.598
     2001.125        4.628
     2001.208        4.643
     2001.292        4.653
     2001.375        4.663
     2001.458        4.685
     2001.542        4.710
     2001.625        4.731
     2001.708        4.739
     2001.792        4.742
     2001.875        4.762
     2001.958        4.774
     2002.042        4.787
     2002.125        4.802
     2002.208        4.830
     2002.292        4.852
     2002.375        4.869
     2002.458        4.881
     2002.542        4.903
     2002.625        4.926
     2002.708        4.930
     2002.792        4.936
     2002.875        4.955
     2002.958        4.978
     2003.042        4.990
     2003.125        5.012
     2003.208        5.037
     2003.292        5.051
     2003.375        5.065
     2003.458        5.077
     2003.542        5.098
     2003.625        5.132
     2003.708        5.163
     2003.792        5.167
     2003.875        5.174
     2003.958        5.190
     2004.042        5.220
     2004.125        5.242
     2004.208        5.259
     2004.292        5.286
     2004.375        5.322
     2004.458        5.338
     2004.542        5.356
     2004.625        5.385
     2004.708        5.399
     2004.792        5.404
     2004.875        5.420
     2004.958        5.448
     2005.042        5.467
     2005.125        5.481
     2005.208        5.507
     2005.292        5.530
     2005.375        5.544
     2005.458        5.553
     2005.542        5.582
     2005.625        5.615
     2005.708        5.619
     2005.792        5.623
     2005.875        5.636
     2005.958        5.649
     2006.042        5.661
     2006.125        5.700
     2006.208        5.730
     2006.292        5.752
     2006.375        5.767
     2006.458        5.794
     2006.542        5.814
     2006.625        5.827
     2006.708        5.855
     2006.792        5.878
     2006.875        5.880
     2006.958        5.879
     2007.042        5.899
     2007.125        5.932
     2007.208        5.965
     2007.292        5.993
     2007.375        6.013
     2007.458        6.056
     2007.542        6.085
     2007.625        6.109
     2007.708        6.119
     2007.792        6.143
     2007.875        6.145
     2007.958        6.156
     2008.042        6.182
     2008.125        6.216
     2008.208        6.257
     2008.292        6.281
     2008.375        6.319
     2008.458        6.337
     2008.542        6.343
     2008.625        6.341
     2008.708        6.389
     2008.792        6.424
     2008.875        6.438
     2008.958        6.447
     2009.042        6.465
     2009.125        6.495
     2009.208        6.535
     2009.292        6.573
     2009.375        6.602
     2009.458        6.633
     2009.542        6.664
     2009.625        6.681
     2009.708        6.702
     2009.792        6.712
     2009.875        6.719
     2009.958        6.724
     2010.042        6.753
     2010.125        6.785
     2010.208        6.818
     2010.292        6.835
     2010.375        6.859
     2010.458        6.885
     2010.542        6.932
     2010.625        6.961
     2010.708        6.987
     2010.792        7.003
     2010.875        7.021
     2010.958        7.042
     2011.042        7.077
     2011.125        7.112
     2011.208        7.142
     2011.292        7.148
     2011.375        7.167
     2011.458        7.194
     2011.542        7.215
     2011.625        7.219
     2011.708        7.244
     2011.792        7.271
     2011.875        7.296
     2011.958        7.311
     2012.042        7.342
     2012.125        7.361
     2012.208        7.389
     2012.292        7.409
     2012.375        7.442
     2012.458        7.475
     2012.542        7.510
     2012.625        7.531
     2012.708        7.551
     2012.792        7.574
     2012.875        7.574
     2012.958        7.587
     2013.042        7.615
     2013.125        7.646
     2013.208        7.690
     2013.292        7.727
     2013.375        7.752
     2013.458        7.779
     2013.542        7.818
     2013.625        7.835
     2013.708        7.864
     2013.792        7.885
     2013.875        7.890
     2013.958        7.909
     2014.042        7.963
     2014.125        8.002
     2014.208        8.020
     2014.292        8.042
     2014.375        8.082
     2014.458        8.098
     2014.542        8.122
     2014.625        8.157
     2014.708        8.190
     2014.792        8.208
     2014.875        8.234
     2014.958        8.253
     2015.042        8.299
     2015.125        8.338
     2015.208        8.360
     2015.292        8.396
     2015.375        8.444
     2015.458        8.457
     2015.542        8.478
     2015.625        8.519
     2015.708        8.549
     2015.792        8.550
     2015.875        8.554
     2015.958        8.555
     2016.042        8.583
     2016.125        8.625
     2016.208        8.681
     2016.292        8.714
     2016.375        8.729
     2016.458        8.738
     2016.542        8.773
     2016.625        8.831
     2016.708        8.883
     2016.792        8.910
     2016.875        8.913
     2016.958        8.913
     2017.042        8.931
     2017.125        8.972
     2017.208        9.035
     2017.292        9.062
     2017.375        9.087
     2017.458        9.122
     2017.542        9.141
     2017.625        9.147
     2017.708        9.199
     2017.792        9.234
     2017.875        9.237
     2017.958        9.241
     2018.042        9.281
     2018.125        9.329
     2018.208        9.389
     2018.292        9.404
     2018.375        9.436
     2018.458        9.473
     2018.542        9.511
     2018.625        9.531
     2018.708        9.535
     2018.792        9.542
     2018.875        9.569
     2018.958        9.591
     2019.042        9.608
     2019.125        9.655
     2019.208        9.729
     2019.292        9.783
     2019.375        9.812
     2019.458        9.831
     2019.542        9.857
     2019.625        9.869
     2019.708        9.889
     2019.792        9.916
     2019.875        9.930
     2019.958        9.949
     2020.042        9.978
     2020.125       10.010
     2020.208       10.049
     2020.292       10.094
     2020.375       10.136
     2020.458       10.153
     2020.542       10.174
     2020.625       10.188
     2020.708       10.213
     2020.792       10.237
     2020.875       10.250
     2020.958       10.268
     2021.042       10.307
     2021.125       10.350
     2021.208       10.372
     2021.292       10.400
     2021.375       10.427
     2021.458       10.486
     2021.542       10.535
     2021.625       10.569
     2021.708       10.597
     2021.792       10.620
     2021.875       10.615
     2021.958       10.630
     2022.042       10.700
     2022.125       10.750
     2022.208       10.758
     2022.292       10.782
     2022.375       10.833
     2022.458       10.892
     2022.542       10.924
     2022.625       10.945
     2022.708       10.962
     2022.792       11.005
     2022.875       11.029
     2022.958       11.029
     2023.042       11.038
     2023.125       11.095
     2023.208       11.145
     2023.292       11.184
     2023.375       11.258
     2023.458       11.328
